0 1 2 3 4 5 6 9 12 7 8 -50 -100
-1 1 1 -1 -1 -1 -1 -1 -1 -1 -1 -1 -1
-2 -2 2 -2 -2 -2 -2 -2 -2 -2 -2 -2 -2
-3 -3 -3 -3 -3 -3 -3 -3 -3 -3 -3 -3 -3
-4 -4 -4 -4 -4 -4 -4 -4 -4 -4 -4 -4 -4
-5 -5 -5 -5 -5 -5 -5 -5 -5 -5 -5 -5 -5
-6 -6 -6 -6 -6 -6 -6 -6 -6 -6 -6 -6 -6
-7 -7 -7 -7 -7 -7 -7 -7 -7 -7 -7 -7 -7
-100 -100 -100 -100 -100 -100 -100 -100 -100 -100 -100 -8 -100
-9 -9 -9 -9 -9 -9 -9 -9 11 10 -9 -9 -9
-10 -10 -10 -10 -10 -10 -10 -10 -10 -10 -10 -10 -10
-11 -11 -11 -11 -11 -11 -11 -11 -11 -11 -11 -11 -11
-12 -12 -12 -12 -12 -12 -12 -12 -12 13 -12 -12 -12
-13 -13 -13 -13 -13 -13 -13 -13 -13 -13 -13 -13 -13